0.010 0.0774 7
0.020 0.301 7
0.035 0.848 7
0.040 0.354 7
0.070 0.989 7
0.100 0.181e+1 7
0.130 0.274e+1 7
0.160 0.385e+1 7
0.165 0.326e+1 7
0.180 0.374e+1 7
0.215 0.466e+1 7
0.230 0.408e+1 7
0.280 0.503e+1 7
0.330 0.597e+1 7
0.335 0.430e+1 7
0.350 0.408e+1 7
0.390 0.442e+1 7
0.400 0.404e+1 7
0.435 0.439e+1 7
0.440 0.284e+1 7
0.500 0.303e+1 7
0.700 0.314e+1 7
0.900 0.323e+1 7
1.000 0.311e+1 7
1.185 0.280e+1 7
1.190 0.224e+1 7
1.250 0.206e+1 5
1.300 0.177e+1 5
1.500 0.159e+1 5
1.700 0.148e+1 5
1.800 0.142e+1 5
1.900 0.136e+1 5
2.000 0.130e+1 3
2.250 0.108e+1 3
2.500 0.882 3
2.750 0.733 3
3.000 0.611 3
3.250 0.505 3
3.500 0.411 3
4.000 0.261 3
4.500 0.156 3
5.000 0.0928 3
5.500 0.0549 3
6.000 0.0317 3
6.500 0.0174 4
7.000 0.00897 4
7.500 0.00366 7
8.000 0.00119 2
8.500 0.000299 0
9.000 0.0000831 0
